
#addition
x <- c(50, 34, 111, 7, 24,631, 20, 4, 7, 21)
y <- c(100, 2, 56, 12, 0, 65, 93, 10, 244, 1)
z <- x + y
z

#subtraction
z <- x - y
z

#division
z <- x / y
z

# multiplication
z <- x * y
z


#comparison
z <- x < y
z

#different sized vectors
x <- c(50, 34, 111, 7, 24)
z <- x + y
z
